Per.Sur|896.0|
0.0|400.0|480.0|750.0|790.0|850.0|896.0|
-1.0|54.0|54.0|14.0|14.0|19.0|-6.0|
5.0|60.0|60.0|20.0|20.0|25.0|0.0|
10.0|65.0|65.0|25.0|25.0|30.0|5.0|
13.0|68.0|68.0|28.0|28.0|33.0|8.0|
Tesoro|1070.0|
0.0|320.0|730.0|920.0|950.0|1030.0|1070.0|
-1.0|64.0|64.0|14.0|14.0|19.0|-6.0|
5.0|70.0|70.0|20.0|20.0|25.0|0.0|
10.0|75.0|75.0|25.0|25.0|30.0|5.0|
13.0|78.0|78.0|28.0|28.0|33.0|8.0|
Espana|747.0|
0.0|200.0|390.0|480.0|735.0|745.0|
-1.0|49.0|64.0|64.0|14.0|-6.0|
5.0|55.0|70.0|70.0|20.0|0.0|
10.0|60.0|75.0|75.0|25.0|5.0|
13.0|63.0|78.0|78.0|28.0|8.0|
PatriaSur|807.0|
0.0|200.0|350.0|390.0|685.0|770.0|805.0|
-1.0|49.0|64.0|64.0|14.0|19.0|-6.0|
5.0|55.0|70.0|70.0|20.0|25.0|0.0|
10.0|60.0|75.0|75.0|25.0|30.0|5.0|
13.0|63.0|78.0|78.0|28.0|33.0|8.0|
IslaRaza|694.0|
0.0|140.0|400.0|480.0|685.0|692.0|
-1.0|39.0|64.0|64.0|17.0|-6.0|
5.0|45.0|70.0|70.0|23.0|0.0|
10.0|50.0|75.0|75.0|28.0|5.0|
13.0|53.0|78.0|78.0|31.0|8.0|
18deMarzo|702.0|
0.0|225.0|375.0|485.0|620.0|680.0|700.0|
-1.0|44.0|54.0|54.0|14.0|19.0|-6.0|
5.0|50.0|60.0|60.0|20.0|25.0|0.0|
10.0|55.0|65.0|65.0|25.0|30.0|5.0|
13.0|58.0|68.0|68.0|28.0|33.0|8.0|
Urdaneta|593.0|
0.0|130.0|305.0|385.0|580.0|590.0|
-1.0|39.0|59.0|59.0|14.0|-6.0|
5.0|45.0|65.0|65.0|20.0|0.0|
10.0|50.0|70.0|70.0|25.0|5.0|
13.0|53.0|73.0|73.0|28.0|8.0|
UdDeportivo|954.0|
0.0|180.0|345.0|530.0|920.0|952.0|
-1.0|44.0|64.0|64.0|14.0|-6.0|
5.0|50.0|70.0|70.0|20.0|0.0|
10.0|55.0|75.0|75.0|25.0|5.0|
13.0|58.0|78.0|78.0|28.0|8.0|
StaFilomena|1006.0|
0.0|290.0|340.0|460.0|860.0|1000.0|
-1.0|54.0|54.0|44.0|44.0|-6.0|
5.0|60.0|60.0|50.0|50.0|0.0|
10.0|65.0|65.0|55.0|55.0|5.0|
13.0|68.0|68.0|58.0|58.0|8.0|
Washington|691.0|
0.0|190.0|375.0|450.0|675.0|690.0|
-1.0|44.0|64.0|64.0|14.0|-6.0|
5.0|50.0|70.0|70.0|20.0|0.0|
10.0|55.0|75.0|75.0|25.0|5.0|
13.0|58.0|78.0|78.0|28.0|8.0|
Mexicaltzing|881.0|
0.0|285.0|490.0|575.0|865.0|879.0|
-1.0|54.0|64.0|64.0|14.0|-6.0|
5.0|60.0|70.0|70.0|20.0|0.0|
10.0|65.0|75.0|75.0|25.0|5.0|
13.0|68.0|78.0|78.0|28.0|8.0|
Juarez|826.0|
0.0|130.0|240.0|715.0|815.0|823.0|
-1.0|34.0|44.0|44.0|14.0|-6.0|
5.0|40.0|50.0|50.0|20.0|0.0|
10.0|45.0|55.0|55.0|25.0|5.0|
13.0|48.0|58.0|58.0|28.0|8.0|
Refugio|1012.0|
0.0|240.0|525.0|695.0|990.0|1010.0|
-1.0|49.0|64.0|64.0|14.0|-6.0|
5.0|55.0|70.0|70.0|20.0|0.0|
10.0|60.0|75.0|75.0|25.0|5.0|
13.0|63.0|78.0|78.0|28.0|8.0|
Mezquitan|803.0|
0.0|210.0|460.0|550.0|780.0|795.0|
-1.0|44.0|64.0|64.0|14.0|-6.0|
5.0|50.0|70.0|70.0|20.0|0.0|
10.0|55.0|75.0|75.0|25.0|5.0|
13.0|58.0|78.0|78.0|28.0|8.0|
AvCamacho|1051.0|
0.0|225.0|420.0|510.0|700.0|940.0|1025.0|1046.0|
-1.0|49.0|64.0|64.0|44.0|44.0|14.0|-6.0|
5.0|55.0|70.0|70.0|50.0|50.0|20.0|0.0|
10.0|60.0|75.0|75.0|55.0|55.0|25.0|5.0|
13.0|63.0|78.0|78.0|58.0|58.0|28.0|8.0|
DivNorte|932.0|
0.0|190.0|325.0|740.0|850.0|903.0|927.0|
-1.0|39.0|44.0|44.0|14.0|17.0|-6.0|
5.0|45.0|50.0|50.0|20.0|23.0|0.0|
10.0|50.0|55.0|55.0|25.0|28.0|5.0|
13.0|53.0|58.0|58.0|28.0|31.0|8.0|
Atemajac|550.0|
0.0|205.0|250.0|335.0|415.0|495.0|535.0|548.0|
-1.0|44.0|44.0|14.0|14.0|26.0|14.0|-6.0|
5.0|50.0|50.0|20.0|20.0|32.0|20.0|0.0|
10.0|55.0|55.0|25.0|25.0|37.0|25.0|5.0|
13.0|58.0|58.0|28.0|28.0|40.0|28.0|8.0|
Dermatologi|1039.0|
0.0|95.0|230.0|530.0|575.0|785.0|875.0|1020.0|1035.0|
-1.0|24.0|24.0|64.0|64.0|44.0|9.0|9.0|-6.0|
5.0|30.0|30.0|70.0|70.0|50.0|15.0|15.0|0.0|
10.0|35.0|35.0|75.0|75.0|55.0|20.0|20.0|5.0|
13.0|38.0|38.0|78.0|78.0|58.0|23.0|23.0|8.0|
Per.Norte|1037.0|
0.0|320.0|600.0|630.0|810.0|950.0|1020.0|1035.0|
-1.0|54.0|64.0|64.0|14.0|34.0|14.0|-6.0|
5.0|60.0|70.0|70.0|20.0|40.0|20.0|0.0|
10.0|65.0|75.0|75.0|25.0|45.0|25.0|5.0|
13.0|68.0|78.0|78.0|28.0|48.0|28.0|8.0|
Dermatologi|551.0|
0.0|75.0|120.0|195.0|340.0|420.0|530.0|548.0|
-1.0|19.0|14.0|14.0|44.0|44.0|14.0|-6.0|
5.0|25.0|20.0|20.0|50.0|50.0|20.0|0.0|
10.0|30.0|25.0|25.0|55.0|55.0|25.0|5.0|
13.0|33.0|28.0|28.0|58.0|58.0|28.0|8.0|
Atemajac|937.0|
0.0|260.0|530.0|770.0|910.0|927.0|
-1.0|39.0|54.0|54.0|14.0|-6.0|
5.0|45.0|60.0|60.0|20.0|0.0|
10.0|50.0|65.0|65.0|25.0|5.0|
13.0|53.0|68.0|68.0|28.0|8.0|
DivNorte|1052.0|
0.0|175.0|675.0|880.0|1030.0|1046.0|
-1.0|39.