Per.Sur|896.0|
0.0|400.0|480.0|750.0|790.0|850.0|896.0|
-1.0|54.0|54.0|14.0|14.0|19.0|-6.0|
5.0|60.0|60.0|20.0|20.0|25.0|0.0|
10.0|65.0|65.0|25.0|25.0|30.0|5.0|
17.0|72.0|72.0|32.0|32.0|37.0|12.0|
Tesoro|1070.0|
0.0|25.6|50.3|75.0|100.6|125.3|149.6|175.3|200.0|225.6|250.3|275.0|300.6|325.3|350.0|375.6|300.0|426.0|450.3|475.0|500.6|525.3|550.0|575.6|600.3|625.0|650.6|675.3|701.0|725.3|750.0|775.6|799.3|825.0|850.6|875.3|900.0|925.6|950.3|974.6|1000.3|1025.0|1050.6|1066.6|1070.0|
-6.0|3.0|11.7|20.3|28.4|34.8|40.2|45.0|49.1|52.7|56.1|58.7|60.9|62.8|64.2|65.0|65.1|64.8|64.6|63.6|62.4|60.9|59.7|58.3|57.2|56.7|56.0|55.9|55.6|55.7|55.3|54.3|52.3|49.0|44.7|37.3|26.3|15.9|13.8|16.2|19.6|21.4|19.5|11.2|-6.0|
0.0|9.0|17.7|26.3|34.4|40.8|46.2|51.0|55.1|58.7|62.1|64.7|66.9|68.8|70.2|71.0|71.1|70.8|70.6|69.6|68.4|66.9|65.7|64.3|63.2|62.7|62.0|61.9|61.6|61.7|61.3|60.3|58.3|55.0|50.7|43.3|32.3|21.9|19.8|22.2|25.6|27.4|25.5|17.2|0.0|
5.0|14.0|22.7|31.3|39.4|45.8|51.2|56.0|60.1|63.7|67.1|69.7|71.9|73.8|75.2|76.0|76.1|75.8|75.6|74.6|73.4|71.9|70.7|69.3|68.2|67.7|67.0|66.9|66.6|66.7|66.3|65.3|63.3|60.0|55.7|48.3|37.3|26.9|24.8|27.2|30.6|32.4|30.5|22.2|5.0|
12.0|21.0|29.7|38.3|46.4|52.8|58.2|63.0|67.1|70.7|74.1|76.7|78.9|80.8|82.2|83.0|83.1|82.8|82.6|81.6|80.4|78.9|77.7|76.3|75.2|74.7|74.0|73.9|73.6|73.7|73.3|72.3|70.3|67.0|62.7|55.3|44.3|33.9|31.8|34.2|37.6|39.4|37.5|29.2|12.0|
Espana|747.0|
0.0|25.8|50.7|75.7|100.0|125.8|150.7|176.6|200.8|225.8|250.3|275.2|300.0|325.3|350.3|375.2|400.4|425.3|450.0|475.0|500.0|525.3|551.2|577.0|600.4|625.6|650.5|675.7|700.6|725.6|739.8|747.0|
-6.0|4.3|11.7|19.5|25.2|30.7|36.0|41.1|45.6|48.3|51.7|54.3|56.7|59.0|60.6|61.7|62.5|63.5|64.0|64.0|62.4|61.0|58.5|54.7|50.0|46.8|42.6|35.0|26.7|19.5|15.0|-6.0|
0.0|10.3|17.7|25.5|31.2|36.7|42.0|47.1|51.6|54.3|57.7|60.3|62.7|65.0|66.6|67.7|68.5|69.5|70.0|70.0|68.4|67.0|64.5|60.7|56.0|52.8|48.6|41.0|32.7|25.5|21.0|0.0|
5.0|15.3|22.7|30.5|36.2|41.7|47.0|52.1|56.6|59.3|62.7|65.3|67.7|70.0|71.6|72.7|73.5|74.5|75.0|75.0|73.4|72.0|69.5|65.7|61.0|57.8|53.6|46.0|37.7|30.5|26.0|5.0|
12.0|22.3|29.7|37.5|43.2|48.7|54.0|59.1|63.6|66.3|69.7|72.3|74.7|77.0|78.6|79.7|80.5|81.5|82.0|82.0|80.4|79.0|76.5|72.7|68.0|64.8|60.6|53.0|44.7|37.5|33.0|12.0|
PatriaSur|807.0|
0.0|25.0|51.3|74.9|100.5|125.5|150.3|176.1|200.2|225.3|250.1|275.1|301.0|325.8|350.8|374.9|400.7|425.5|450.6|475.4|500.5|525.3|550.3|576.9|600.2|625.0|650.1|675.6|701.5|725.5|750.6|775.6|800.5|807.0|
-3.8|2.5|12.4|20.1|28.1|34.2|39.9|43.8|47.8|51.3|54.0|56.7|59.0|60.7|62.1|62.7|63.1|62.0|59.9|56.5|52.7|47.6|43.9|39.2|34.2|27.6|22.5|18.1|17.3|19.0|21.4|22.5|16.8|-6.0|
2.2|8.5|18.4|26.1|34.1|40.2|45.9|49.8|53.8|57.3|60.0|62.7|65.0|66.7|68.1|68.7|69.1|68.0|65.9|62.5|58.7|53.6|49.9|45.2|40.2|33.6|28.5|24.1|23.3|25.0|27.4|28.5|22.8|0.0|
7.2|13.5|23.4|31.1|39.1|45.2|50.9|54.8|58.8|62.3|65.0|67.7|70.0|71.7|73.1|73.7|74.1|73.0|70.9|67.5|63.7|58.6|54.9|50.2|45.2|38.6|33.5|29.1|28.3|30.0|32.4|33.5|27.8|5.0|
14.2|20.5|30.4|38.1|46.1|52.2|57.9|61.8|65.8|69.3|72.0|74.7|77.0|78.7|80.1|80.7|81.1|80.0|77.9|74.5|70.7|65.6|61.9|57.2|52.2|45.6|40.5|36.1|35.3|37.0|39.4|40.5|34.8|12.0|
IslaRaza|694.0|
0.0|25.7|50.0|75.6|100.7|125.1|150.8|175.2|200.1|225.9|250.8|275.2|300.9|325.3|350.4|376.0|400.3|425.5|450.4|475.6|500.5|524.9|550.0|575.6|601.3|625.1|650.0|675.2|688.3|694.0|
-6.0|2.7|12.1|20.6|27.1|33.8|38.3|42.1|45.7|48.3|50.9|53.1|54.9|56.8|58.2|59.5|59.9|60.3|59.9|58.9|56.5|54.0|48.8|45.4|37.3|32.1|27.3|20.5|16.5|-6.0|
0.0|8.7|18.1|26.6|33.1|39.8|44.3|48.1|51.7|54.3|56.9|59.1|60.9|62.8|64.2|65.5|65.9|66.3|65.9|64.9|62.5|60.0|54.8|51.4|43.3|38.1|33.3|26.5|22.5|0.0|
5.0|13.7|23.1|31.6|38.1|44.8|49.3|53.1|56.7|59.3|61.9|64.1|65.9|67.8|69.2|70.5|70.9|71.3|70.9|69.9|67.5|65.0|59.8|56.4|48.3|43.1|38.3|31.5|27.5|5.0|
12.0|20.7|30.1|38.6|45.1|51.8|56.3|60.1|63.7|66.3|68.9|71.1|72.9|74.8|76.2|77.5|77.9|78.3|77.9|76.9|74.5|72.0|66.8|63.4|55.3|50.1|45.3|38.5|34.5|12.0|
18deMarzo|702.0|
0.0|25.8|50.7|75.0|100.8|125.1|150.1|175.2|200.8|225.8|250.3|275.9|300.2|325.3|350.3|375.2|400.4|425.3|450.3|475.5|500.4|525.3|550.5|575.5|600.4|625.6|650.5|675.7|700.6|702.0|
-6.0|3.3|10.1|15.6|20.0|24.3|29.3|33.7|38.8|41.5|44.2|47.1|49.3|50.3|51.5|52.4|53.7|54.4|53.3|52.3|50.3|46.3|38.4|31.2|22.1|17.4|18.9|20.0|7.0|-6.0|
0.0|9.3|16.1|21.6|26.0|30.3|35.3|39.7|44.8|47.5|50.2|53.1|55.3|56.3|57.5|58.4|59.7|60.4|59.3|58.3|56.3|52.3|44.4|37.2|28.1|23.4|24.9|26.0|13.0|0.0|
5.0|14.3|21.1|26.6|31.0|35.3|40.3|44.7|49.8|52.5|55.2|58.1|60.3|61.3|62.5|63.4|64.7|65.4|64.3|63.3|61.3|57.3|49.4|42.2|33.1|28.4|29.9|31.0|18.0|5.0|
12.0|21.3|28.1|33.6|38.0|42.3|47.3|51.7|56.8|59.5|62.2|65.1|67.3|68.3|69.5|70.4|71.7|72.4|71.3|70.3|68.3|64.3|56.4|49.2|40.1|35.4|36.9|38.0|25.0|12.0|
Urdaneta|593.0|
0.0|25.2|50.4|75.6|100.1|125.3|150.5|175.2|200.5|225.0|250.2|275.4|300.6|325.3|350.4|375.6|400.3|425.5|451.2|475.9|500.5|525.2|550.4|575.6|589.4|593.0|
-6.0|2.6|11.2|21.0|28.1|34.3|39.4|43.4|47.4|50.3|53.9|55.6|57.4|58.4|58.6|57.4|56.2|52.3|47.6|42.9|38.1|32.5|26.5|19.8|11.5|-6.0|
0.0|8.6|17.2|27.0|34.1|40.3|45.4|49.4|53.4|56.3|59.9|61.6|63.4|64.4|64.6|63.4|62.2|58.3|53.6|48.9|44.1|38.5|32.5|25.8|17.5|0.0|
5.0|13.6|22.2|32.0|39.1|45.3|50.4|54.4|58.4|61.3|64.9|66.6|68.4|69.4|69.6|68.4|67.2|63.3|58.6|53.9|49.1|43.5|37.5|30.8|22.5|5.0|
12.0|20.6|29.2|39.0|46.1|52.3|57.4|61.4|65.4|68.3|71.9|73.6|75.4|76.4|76.6|75.4|74.2|70.3|65.6|60.9|56.1|50.5|44.5|37.8|29.5|12.0|
UdDeportivo|954.0|
0.0|25.0|50.1|75.2|100.2|125.0|150.1|175.2|201.1|225.3|250.4|275.4|301.3|325.6|350.4|375.4|400.5|425.6|450.6|475.7|500.8|525.9|550.6|575.7|600.0|625.0|650.9|675.2|701.1|725.0|752.0|775.2|800.2|826.1|850.4|875.4|901.3|925.3|943.4|952.3|954.0|
-6.0|2.3|11.2|19.6|26.2|32.5|37.6|43.0|47.5|51.1|54.5|57.3|59.6|60.8|61.9|62.5|63.0|63.2|63.6|63.7|64.0|63.6|63.0|62.7|62.1|61.1|59.0|57.1|54.0|52.5|50.3|47.4|45.1|39.2|33.9|27.7|18.5|16.0|15.5|13.0|-6.0|
0.0|8.3|17.2|25.6|32.2|38.5|43.6|49.0|53.5|57.1|60.5|63.3|65.6|66.8|67.9|68.5|69.0|69.2|69.6|69.7|70.0|69.6|69.0|68.7|68.1|67.1|65.0|63.1|60.0|58.5|56.3|53.4|51.1|45.2|39.9|33.7|24.5|22.0|21.5|19.0|0.0|
5.0|13.3|22.2|30.6|37.2|43.5|48.6|54.0|58.5|62.1|65.5|68.3|70.6|71.8|72.9|73.5|74.0|74.2|74.6|74.7|75.0|74.6|74.0|73.7|73.1|72.1|70.0|68.1|65.0|63.5|61.3|58.4|56.1|50.2|44.9|38.7|29.5|27.0|26.5|24.0|5.0|
12.0|20.3|29.2|37.6|44.2|50.5|55.6|61.0|65.5|69.1|72.5|75.3|77.6|78.8|79.9|80.5|81.0|81.2|81.6|81.7|82.0|81.6|81.0|80.7|80.1|79.1|77.0|75.1|72.0|70.5|68.3|65.4|63.1|57.2|51.9|45.7|36.5|34.0|33.5|31.0|12.0|
StaFilomena|1006.0|
0.0|25.6|50.3|75.0|100.6|125.3|151.0|175.3|200.0|225.6|250.3|275.0|300.7|325.3|350.0|375.6|400.3|426.0|451.6|475.0|500.6|525.3|550.0|575.6|600.3|625.0|650.6|675.3|701.0|725.3|750.0|775.6|800.3|825.0|849.6|875.3|900.0|926.6|950.3|976.0|988.6|998.3|1001.6|1006.0|
-6.0|2.7|11.8|17.9|23.9|28.7|33.9|39.0|43.0|46.2|48.9|51.1|52.1|52.4|51.5|49.3|47.3|45.3|44.2|43.6|43.7|44.3|45.3|46.9|48.2|49.1|49.1|48.7|47.9|46.9|45.6|44.3|43.1|42.0|41.1|39.9|38.6|35.3|29.5|20.9|17.4|14.1|11.6|-6.0|
0.0|8.7|17.8|23.9|29.9|34.7|39.9|45.0|49.0|52.2|54.9|57.1|58.1|58.4|57.5|55.3|53.3|51.3|50.2|49.6|49.7|50.3|51.3|52.9|54.2|55.1|55.1|54.7|53.9|52.9|51.6|50.3|49.1|48.0|47.1|45.9|44.6|41.3|35.5|26.9|23.4|20.1|17.6|0.0|
5.0|13.7|22.8|28.9|34.9|39.7|44.9|50.0|54.0|57.2|59.9|62.1|63.1|63.4|62.5|60.3|58.3|56.3|55.2|54.6|54.7|55.3|56.3|57.9|59.2|60.1|60.1|59.7|58.9|57.9|56.6|55.3|54.1|53.0|52.1|50.9|49.6|46.3|40.5|31.9|28.4|25.1|22.6|5.0|
12.0|20.7|29.8|35.9|41.9|46.7|51.9|57.0|61.0|64.2|66.9|69.1|70.1|70.4|69.5|67.3|65.3|63.3|62.2|61.6|61.7|62.3|63.3|64.9|66.2|67.1|67.1|66.7|65.9|64.9|63.6|62.3|61.1|60.0|59.1|57.9|56.6|53.3|47.5|38.9|35.4|32.1|29.6|12.0|
Washington|691.0|
0.0|25.7|50.6|75.0|100.1|125.1|150.0|175.2|200.7|225.9|250.2|275.2|300.3|325.9|350.4|375.4|400.3|425.5|450.4|475.6|500.5|525.5|550.6|575.6|600.7|625.1|650.6|675.2|691.0|
-6.0|3.2|12.1|19.8|27.0|33.1|38.0|42.0|45.6|49.0|51.8|54.2|57.1|59.0|60.5|62.1|62.8|63.4|63.3|61.8|59.3|55.7|51.2|47.1|43.1|39.0|28.3|14.4|-6.0|
0.0|9.2|18.1|25.8|33.0|39.1|44.0|48.0|51.6|55.0|57.8|60.2|63.1|65.0|66.5|68.1|68.8|69.4|69.3|67.8|65.3|61.7|57.2|53.1|49.1|45.0|34.3|20.4|0.0|
5.0|14.2|23.1|30.8|38.0|44.1|49.0|53.0|56.6|60.0|62.8|65.2|68.1|70.0|71.5|73.1|73.8|74.4|74.3|72.8|70.3|66.7|62.2|58.1|54.1|50.0|39.3|25.4|5.0|
12.0|21.2|30.1|37.8|45.0|51.1|56.0|60.0|63.6|67.0|69.8|72.2|75.1|77.0|78.5|80.1|80.8|81.4|81.3|79.8|77.3|73.7|69.2|65.1|61.1|57.0|46.3|32.4|12.0|
Mexicaltzing|881.0|
0.0|25.8|50.6|75.6|100.5|125.5|150.3|175.4|200.2|225.3|251.1|275.1|300.0|325.8|350.8|375.6|400.7|425.5|450.6|475.4|500.5|525.3|550.3|575.1|601.0|625.8|650.1|675.6|700.7|725.5|750.6|775.6|800.5|825.5|850.3|875.4|881.0|
-6.0|2.1|12.1|20.0|27.3|32.9|37.6|41.9|45.4|48.2|51.1|53.1|55.3|56.8|58.2|59.3|60.3|61.3|62.3|63.0|63.2|63.4|63.4|63.7|62.8|61.7|59.6|57.0|54.3|50.9|47.7|43.4|38.6|32.1|17.3|4.3|-6.0|
0.0|8.1|18.1|26.0|33.3|38.9|43.6|47.9|51.4|54.2|57.1|59.1|61.3|62.8|64.2|65.3|66.3|67.3|68.3|69.0|69.2|69.4|69.4|69.7|68.8|67.7|65.6|63.0|60.3|56.9|53.7|49.4|44.6|38.1|23.3|10.3|0.0|
5.0|13.1|23.1|31.0|38.3|43.9|48.6|52.9|56.4|59.2|62.1|64.1|66.3|67.8|69.2|70.3|71.3|72.3|73.3|74.0|74.2|74.4|74.4|74.7|73.8|72.7|70.6|68.0|65.3|61.9|58.7|54.4|49.6|43.1|28.3|15.3|5.0|
12.0|20.1|30.1|38.0|45.3|50.9|55.6|59.9|63.4|66.2|69.1|71.1|73.3|74.8|76.2|77.3|78.3|79.3|80.3|81.0|81.2|81.4|81.4|81.7|80.8|79.7|77.6|75.0|72.3|68.9|65.7|61.4|56.6|50.1|35.3|22.3|12.0|
Juarez|826.0|
0.0|25.0|50.6|75.6|99.7|125.5|150.3|175.4|200.2|225.3|250.1|275.1|300.0|325.0|350.8|375.6|400.7|425.5|450.6|475.4|501.2|525.3|550.3|575.1|600.2|624.3|650.8|674.9|701.5|726.5|750.6|775.6|801.2|826.0|
-6.0|3.0|12.4|20.4|27.1|32.9|36.9|40.4|42.2|43.0|42.7|42.6|42.1|41.8|40.8|40.6|40.4|40.0|40.5|41.2|42.3|43.2|44.1|45.2|45.4|45.4|45.5|45.1|44.4|43.3|41.3|36.7|28.3|-6.0|
0.0|9.0|18.4|26.4|33.1|38.9|42.9|46.4|48.2|49.0|48.7|48.6|48.1|47.8|46.8|46.6|46.4|46.0|46.5|47.2|48.3|49.2|50.1|51.2|51.4|51.4|51.5|51.1|50.4|49.3|47.3|42.7|34.3|0.0|
5.0|14.0|23.4|31.4|38.1|43.9|47.9|51.4|53.2|54.0|53.7|53.6|53.1|52.8|51.8|51.6|51.4|51.0|51.5|52.2|53.3|54.2|55.1|56.2|56.4|56.4|56.5|56.1|55.4|54.3|52.3|47.7|39.3|5.0|
12.0|21.0|30.4|38.4|45.1|50.9|54.9|58.4|60.2|61.0|60.7|60.6|60.1|59.8|58.8|58.6|58.4|58.0|58.5|59.2|60.3|61.2|62.1|63.2|63.4|63.4|63.5|63.1|62.4|61.3|59.3|54.7|46.3|12.0|
Refugio|1012.0|
0.0|25.6|50.3|75.0|100.6|125.3|149.6|175.3|200.0|225.6|250.3|275.0|300.6|325.3|350.0|375.6|400.3|426.0|450.3|475.0|500.6|525.3|575.6|600.3|626.0|650.6|676.3|699.9|725.3|750.0|775.6|800.3|825.0|850.6|875.3|900.0|925.6|950.3|976.0|999.3|1012.0|
-6.0|3.0|11.7|20.0|26.9|32.8|37.7|40.9|44.3|46.9|49.0|50.6|51.9|53.0|54.5|55.5|57.2|58.1|59.0|60.9|62.1|63.2|64.3|65.0|65.1|64.7|64.3|63.5|62.3|60.8|58.7|56.6|54.3|50.6|46.8|43.1|39.4|35.4|29.3|18.2|-6.0|
0.0|9.0|17.7|26.0|32.9|38.8|43.7|46.9|50.3|52.9|55.0|56.6|57.9|59.0|60.5|61.5|63.2|64.1|65.0|66.9|68.1|69.2|70.3|71.0|71.1|70.7|70.3|69.5|68.3|66.8|64.7|62.6|60.3|56.6|52.8|49.1|45.4|41.4|35.3|24.2|0.0|
5.0|14.0|22.7|31.0|37.9|43.8|48.7|51.9|55.3|57.9|60.0|61.6|62.9|64.0|65.5|66.5|68.2|69.1|70.0|71.9|73.1|74.2|75.3|76.0|76.1|75.7|75.3|74.5|73.3|71.8|69.7|67.6|65.3|61.6|57.8|54.1|50.4|46.4|40.3|29.2|5.0|
12.0|21.0|29.7|38.0|44.9|50.8|55.7|58.9|62.3|64.9|67.0|68.6|69.9|71.0|72.5|73.5|75.2|76.1|77.0|78.9|80.1|81.2|82.3|83.0|83.1|82.7|82.3|81.5|80.3|78.8|76.7|74.6|72.3|68.6|64.8|61.1|57.4|53.4|47.3|36.2|12.0|
Mezquitan|803.0|
0.0|25.8|50.6|75.6|100.5|125.5|150.3|175.4|201.2|224.5|250.1|271.1|300.0|325.0|350.8|375.6|399.7|425.5|450.6|475.4|500.5|525.3|549.6|575.1|601.0|625.0|650.1|675.6|700.7|725.5|750.6|775.6|800.5|803.0|
-6.0|2.7|11.9|20.1|27.3|32.4|36.8|39.5|42.5|44.4|46.9|48.7|50.9|52.8|54.9|56.9|58.3|59.3|60.8|61.7|62.1|62.0|61.5|60.1|58.1|55.7|52.1|48.3|43.7|38.8|32.9|24.6|13.5|-6.0|
0.0|8.7|17.9|26.1|33.3|38.4|42.8|45.5|48.5|50.4|52.9|54.7|56.9|58.8|60.9|62.9|64.3|65.3|66.8|67.7|68.1|68.0|67.5|66.1|64.1|61.7|58.1|54.3|49.7|44.8|38.9|30.6|19.5|0.0|
5.0|13.7|22.9|31.1|38.3|43.4|47.8|50.5|53.5|55.4|57.9|59.7|61.9|63.8|65.9|67.9|69.3|70.3|71.8|72.7|73.1|73.0|72.5|71.1|69.1|66.7|63.1|59.3|54.7|49.8|43.9|35.6|24.5|5.0|
12.0|20.7|29.9|38.1|45.3|50.4|54.8|57.5|60.5|62.4|64.9|66.7|68.9|70.8|72.9|74.9|76.3|77.3|78.8|79.7|80.1|80.0|79.5|78.1|76.1|73.7|70.1|66.3|61.7|56.8|50.9|42.6|31.5|12.0|
AvCamacho|1051.0|
0.0|25.6|50.3|75.0|100.6|125.3|149.6|175.3|200.0|224.6|250.3|276.0|300.6|325.3|350.0|375.6|399.0|424.6|450.3|475.0|500.6|525.3|551.0|575.6|600.3|625.0|650.6|675.3|699.6|725.3|749.0|775.6|800.3|825.0|850.6|875.3|900.0|925.6|950.3|976.0|1000.3|1025.0|1051.0|
-6.0|2.6|11.5|19.3|26.9|33.1|37.4|41.8|45.4|48.3|51.3|53.8|55.9|58.2|59.8|61.3|62.7|63.4|64.3|64.6|64.4|63.5|61.9|59.5|56.3|53.2|49.4|46.1|45.0|44.6|44.9|45.2|45.4|45.7|44.9|43.2|42.2|40.7|39.0|36.9|33.2|25.3|-6.0|
0.0|8.6|17.5|25.3|32.9|39.1|43.4|47.8|51.4|54.3|57.3|59.8|61.9|64.2|65.8|67.3|68.7|69.4|70.3|70.6|70.4|69.5|67.9|65.5|62.3|59.2|55.4|52.1|51.0|50.6|50.9|51.2|51.4|51.7|50.9|49.2|48.2|46.7|45.0|42.9|39.2|31.3|0.0|
5.0|13.6|22.5|30.3|37.9|44.1|48.4|52.8|56.4|59.3|62.3|64.8|66.9|69.2|70.8|72.3|73.7|74.4|75.3|75.6|75.4|74.5|72.9|70.5|67.3|64.2|60.4|57.1|56.0|55.6|55.9|56.2|56.4|56.7|55.9|54.2|53.2|51.7|50.0|47.9|44.2|36.3|5.0|
12.0|20.6|29.5|37.3|44.9|51.1|55.4|59.8|63.4|66.3|69.3|71.8|73.9|76.2|77.8|79.3|80.7|81.4|82.3|82.6|82.4|81.5|79.9|77.5|74.3|71.2|67.4|64.1|63.0|62.6|62.9|63.2|63.4|63.7|62.9|61.2|60.2|58.7|57.0|54.9|51.2|43.3|12.0|
DivNorte|932.0|
0.0|25.0|50.9|75.2|101.1|125.0|150.1|175.2|201.1|225.3|250.4|275.4|301.3|350.4|375.4|401.3|425.6|450.6|475.7|499.7|524.7|449.8|575.7|600.8|625.0|650.1|675.2|701.1|725.0|750.1|775.2|801.1|825.3|850.4|875.4|901.3|925.3|932.0|
-6.0|2.7|12.9|20.4|27.6|32.3|35.9|38.4|39.9|41.0|42.1|43.1|44.0|44.6|44.7|44.7|44.5|44.3|44.1|44.4|44.5|44.9|45.2|45.7|46.0|46.6|47.5|47.0|46.0|43.7|38.0|27.6|17.7|13.7|15.8|17.1|14.6|-6.0|
0.0|8.7|18.9|26.4|33.6|38.3|41.9|44.4|45.9|47.0|48.1|49.1|50.0|50.6|50.7|50.7|50.5|50.3|50.1|50.4|50.5|50.9|51.2|51.7|52.0|52.6|53.5|53.0|52.0|49.7|44.0|33.6|23.7|19.7|21.8|23.1|20.6|0.0|
5.0|13.7|23.9|31.4|38.6|43.3|46.9|49.4|50.9|52.0|53.1|54.1|55.0|55.6|55.7|55.7|55.5|55.3|55.1|55.4|55.5|55.9|56.2|56.7|57.0|57.6|58.5|58.0|57.0|54.7|49.0|38.6|28.7|24.7|26.8|28.1|25.6|5.0|
12.0|20.7|30.9|38.4|45.6|50.3|53.9|56.4|57.9|59.0|60.1|61.1|62.0|62.6|62.7|62.7|62.5|62.3|62.1|62.4|62.5|62.9|63.2|63.7|64.0|64.6|65.5|65.0|64.0|61.7|56.0|45.6|35.7|31.7|33.8|35.1|32.6|12.0|
Atemajac|550.0|
0.0|25.7|50.4|75.6|99.6|125.3|150.0|175.7|200.5|225.0|250.7|275.4|300.6|325.8|350.4|376.1|400.0|425.5|450.0|475.9|500.0|525.2|550.0|
-6.0|2.8|11.7|20.5|26.9|32.0|36.7|40.5|42.9|43.6|39.2|30.6|17.4|8.2|8.4|11.1|14.0|18.8|24.2|25.7|26.3|22.3|-6.0|
0.0|8.8|17.7|26.5|32.9|38.0|42.7|46.5|48.9|49.6|45.2|36.6|23.4|14.2|14.4|17.1|20.0|24.8|30.2|31.7|32.3|28.3|0.0|
5.0|13.8|22.7|31.5|37.9|43.0|47.7|51.5|53.9|54.6|50.2|41.6|28.4|19.2|19.4|22.1|25.0|29.8|35.2|36.7|37.3|33.3|5.0|
12.0|20.8|29.7|38.5|44.9|50.0|54.7|58.5|60.9|61.6|57.2|48.6|35.4|26.2|26.4|29.1|32.0|36.8|42.2|43.7|44.3|40.3|12.0|
Dermatologi|1039.0|
0.0|25.6|50.3|75.0|100.6|125.3|149.6|175.3|200.0|225.6|250.3|275.0|300.6|324.3|350.0|375.6|400.3|426.0|449.3|475.0|500.6|525.3|551.0|575.6|599.3|625.0|650.6|675.3|701.0|725.3|750.0|775.6|800.3|825.0|850.6|875.6|900.0|925.6|950.3|974.6|1000.3|1025.0|1039.0|
-6.0|2.1|11.4|18.7|24.8|27.5|26.4|21.0|21.1|23.6|28.4|33.3|38.4|42.9|47.0|50.3|53.6|56.2|58.3|60.1|61.5|62.4|62.8|62.7|62.4|61.2|60.0|58.0|56.7|53.9|50.9|45.5|37.6|27.9|14.9|8.6|4.0|-0.9|6.8|7.7|7.6|8.8|-6.0|
0.0|8.1|17.4|24.7|30.8|33.5|32.4|27.0|27.1|29.6|34.4|39.3|44.4|48.9|53.0|56.3|59.6|62.2|64.3|66.1|67.5|68.4|68.8|68.7|68.4|67.2|66.0|64.0|62.7|59.9|56.9|51.5|43.6|33.9|20.9|14.6|10.0|5.1|12.8|13.7|13.6|14.8|0.0|
5.0|13.1|22.4|29.7|35.8|38.5|37.4|32.0|32.1|34.6|39.4|44.3|49.4|53.9|58.0|61.3|64.6|67.2|69.3|71.1|72.5|73.4|73.8|73.7|73.4|72.2|71.0|69.0|67.7|64.9|61.9|56.5|48.6|38.9|25.9|19.6|15.0|10.1|17.8|18.7|18.6|19.8|5.0|
12.0|20.1|29.4|36.7|42.8|45.5|44.4|39.0|39.1|41.6|46.4|51.3|56.4|60.9|65.0|68.3|71.6|74.2|76.3|78.1|79.5|80.4|80.8|80.7|80.4|79.2|78.0|76.0|74.7|71.9|68.9|63.5|55.6|45.9|32.9|26.6|22.0|17.1|24.8|25.7|25.6|26.8|12.0|
Per.Norte|1037.0|
0.0|25.6|50.3|75.0|100.6|125.3|151.0|175.3|200.0|225.6|250.3|275.0|300.6|325.3|350.0|375.6|400.3|426.0|450.3|475.0|500.6|525.3|550.0|575.6|600.3|625.0|650.6|675.3|699.6|725.3|750.0|775.6|800.3|825.0|850.6|875.3|900.0|925.6|950.3|974.6|1000.3|1025.0|1037.0|
-6.0|3.3|7.4|11.2|16.8|23.4|29.5|34.9|40.0|44.2|47.3|49.9|52.0|54.2|55.6|56.9|57.7|58.8|59.3|60.0|60.5|61.1|61.5|62.0|63.1|63.3|62.8|61.2|57.6|51.5|44.6|33.9|22.5|12.3|13.7|18.6|25.0|30.0|33.7|33.6|28.4|17.9|-6.0|
0.0|9.3|13.4|17.2|22.8|29.4|35.5|40.9|46.0|50.2|53.3|55.9|58.0|60.2|61.6|62.9|63.7|64.8|65.3|66.0|66.5|67.1|67.5|68.0|69.1|69.3|68.8|67.2|63.6|57.5|50.6|39.9|28.5|18.3|19.7|24.6|31.0|36.0|39.7|39.6|34.4|23.9|0.0|
5.0|14.3|18.4|22.2|27.8|34.4|40.5|45.9|51.0|55.2|58.3|60.9|63.0|65.2|66.6|67.9|68.7|69.8|70.3|71.0|71.5|72.1|72.5|73.0|74.1|74.3|73.8|72.2|68.6|62.5|55.6|44.9|33.5|23.3|24.7|29.6|36.0|41.0|44.7|44.6|39.4|28.9|5.0|
12.0|21.3|25.4|29.2|34.8|41.4|47.5|52.9|58.0|62.2|65.3|67.9|70.0|72.2|73.6|74.9|75.7|76.8|77.3|78.0|78.5|79.1|79.5|80.0|81.1|81.3|80.8|79.2|75.6|69.5|62.6|51.9|40.5|30.3|31.7|36.6|43.0|48.0|51.7|51.6|46.4|35.9|12.0|
Dermatologi|551.0|
0.0|25.2|50.4|75.6|100.8|125.3|150.5|175.2|200.5|225.0|250.2|275.9|300.1|325.3|350.4|375.6|400.3|425.5|450.7|475.2|500.0|525.7|549.9|551.0|
-6.0|2.8|11.7|13.0|12.3|12.9|13.6|14.7|17.6|22.4|26.8|31.9|36.9|41.4|44.4|45.8|45.3|42.8|37.9|33.1|27.8|20.3|6.4|-6.0|
0.0|8.8|17.7|19.0|18.3|18.9|19.6|20.7|23.6|28.4|32.8|37.9|42.9|47.4|50.4|51.8|51.3|48.8|43.9|39.1|33.8|26.3|12.4|0.0|
5.0|13.8|22.7|24.0|23.3|23.9|24.6|25.7|28.6|33.4|37.8|42.9|47.9|52.4|55.4|56.8|56.3|53.8|48.9|44.1|38.8|31.3|17.4|5.0|
12.0|20.8|29.7|31.0|30.3|30.9|31.6|32.7|35.6|40.4|44.8|49.9|54.9|59.4|62.4|63.8|63.3|60.8|55.9|51.1|45.8|38.3|24.4|12.0|
Atemajac|937.0|
0.0|25.0|50.1|75.2|100.2|125.0|150.1|175.2|200.2|225.3|250.4|275.4|300.5|325.6|350.4|375.4|400.5|425.6|450.6|475.7|500.8|525.9|550.6|575.7|600.0|625.9|650.1|675.2|701.1|725.0|750.9|775.2|800.2|825.3|850.4|875.4|900.5|925.3|937.0|
-6.0|2.5|10.4|15.5|19.5|23.8|27.9|31.7|34.9|37.0|38.7|40.0|41.3|42.7|44.0|45.5|47.3|48.7|50.1|51.8|53.0|53.8|54.9|55.6|56.3|56.7|56.9|56.5|54.6|52.6|50.0|47.7|46.4|45.6|44.8|42.5|36.3|21.8|-6.0|
0.0|8.5|16.4|21.5|25.5|29.8|33.9|37.7|40.9|43.0|44.7|46.0|47.3|48.7|50.0|51.5|53.3|54.7|56.1|57.8|59.0|59.8|60.9|61.6|62.3|62.7|62.9|62.5|60.6|58.6|56.0|53.7|52.4|51.6|50.8|48.5|42.3|27.8|0.0|
5.0|13.5|21.4|26.5|30.5|34.8|38.9|42.7|45.9|48.0|49.7|51.0|52.3|53.7|55.0|56.5|58.3|59.7|61.1|62.8|64.0|64.8|65.9|66.6|67.3|67.7|67.9|67.5|65.6|63.6|61.0|58.7|57.4|56.6|55.8|53.5|47.3|32.8|5.0|
12.0|20.5|28.4|33.5|37.5|41.8|45.9|49.7|52.9|55.0|56.7|58.0|59.3|60.7|62.0|63.5|65.3|66.7|68.1|69.8|71.0|71.8|72.9|73.6|74.3|74.7|74.9|74.5|72.6|70.6|68.0|65.7|64.4|63.6|62.8|60.5|54.3|39.8|12.0|
DivNorte|1052.0|
0.0|25.6|50.3|75.0|100.6|125.3|151.0|175.3|200.0|225.6|250.3|275.0|300.6|325.3|350.0|375.6|400.3|426.0|450.3|475.0|500.6|525.3|550.0|575.6|600.3|625.0|650.6|675.3|699.6|725.3|750.0|775.0|800.0|825.0|850.6|875.3|900.0|925.6|950.3|976.0|1000.3|1025.0|1050.0|1052.0|
-6.0|2.5|12.0|20.1|27.5|32.6|36.9|39.4|40.9|41.5|41.7|41.7|42.0|42.9|44.2|45.5|46.9|48.3|49.6|50.9|52.0|53.2|54.4|55.3|56.4|57.4|58.0|58.2|58.8|59.0|59.0|59.0|59.0|59.2|59.4|59.2|58.3|56.8|53.6|48.2|41.5|32.1|7.0|-6.0|
0.0|8.5|18.0|26.1|33.5|38.6|42.9|45.4|46.9|47.5|47.7|47.7|48.0|48.9|50.2|51.5|52.9|54.3|55.6|56.9|58.0|59.2|60.4|61.3|62.4|63.4|64.0|64.2|64.8|65.0|65.0|65.0|65.0|65.2|65.4|65.2|64.3|62.8|59.6|54.2|47.5|38.1|13.0|0.0|
5.0|13.5|23.0|31.1|38.5|43.6|47.9|50.4|51.9|52.5|52.7|52.7|53.0|53.9|55.2|56.5|57.9|59.3|60.6|61.9|63.0|64.2|65.4|66.3|67.4|68.4|69.0|69.2|69.8|70.0|70.0|70.0|70.0|70.2|70.4|70.2|69.3|67.8|64.6|59.2|52.5|43.1|18.0|5.0|
12.0|20.5|30.0|38.1|45.5|50.6|54.9|57.4|58.9|59.5|59.7|59.7|60.0|60.9|62.2|63.5|64.9|66.3|67.6|68.9|70.0|71.2|72.4|73.3|74.4|75.4|76.0|76.2|76.8|77.0|77.0|77.0|77.0|77.2|77.4|77.2|76.3|74.8|71.6|66.2|59.5|50.1|25.0|12.0|
AvCamacho|803.0|
0.0|25.0|50.6|75.6|100.5|125.5|150.3|175.4|200.2|225.3|250.1|275.1|300.0|325.0|350.8|375.6|400.7|425.5|450.6|475.4|500.5|525.3|550.3|575.9|600.2|625.0|650.1|675.6|700.7|725.5|750.6|775.6|800.5|803.0|
-6.0|2.7|12.0|20.2|27.1|32.7|37.1|40.7|43.4|45.5|47.1|48.3|49.4|50.3|51.7|52.8|54.0|54.8|55.2|55.5|55.0|53.8|52.0|49.8|48.0|46.8|45.8|44.5|42.7|40.6|35.8|27.3|13.5|-6.0|
0.0|8.7|18.0|26.2|33.1|38.7|43.1|46.7|49.4|51.5|53.1|54.3|55.4|56.3|57.7|58.8|60.0|60.8|61.2|61.5|61.0|59.8|58.0|55.8|54.0|52.8|51.8|50.5|48.7|46.6|41.8|33.3|19.5|0.0|
5.0|13.7|23.0|31.2|38.1|43.7|48.1|51.7|54.4|56.5|58.1|59.3|60.4|61.3|62.7|63.8|65.0|65.8|66.2|66.5|66.0|64.8|63.0|60.8|59.0|57.8|56.8|55.5|53.7|51.6|46.8|38.3|24.5|5.0|
12.0|20.7|30.0|38.2|45.1|50.7|55.1|58.7|61.4|63.5|65.1|66.3|67.4|68.3|69.7|70.8|72.0|72.8|73.2|73.5|73.0|71.8|70.0|67.8|66.0|64.8|63.8|62.5|60.7|58.6|53.8|45.3|31.5|12.0|
Mezquitan|1012.0|
0.0|280.0|430.0|555.0|730.0|910.0|975.0|1010.0|
-1.0|54.0|64.0|64.0|34.0|34.0|14.0|-6.0|
5.0|60.0|70.0|70.0|40.0|40.0|20.0|0.0|
10.0|65.0|75.0|75.0|45.0|45.0|25.0|5.0|
17.0|72.0|82.0|82.0|52.0|52.0|32.0|12.0|
Refugio|829.0|
0.0|225.0|625.0|800.0|823.0|
-1.0|44.0|44.0|14.0|-6.0|
5.0|50.0|50.0|20.0|0.0|
10.0|55.0|55.0|25.0|5.0|
17.0|62.0|62.0|32.0|12.0|
Juarez|880.0|
0.0|170.0|440.0|615.0|850.0|875.0|
-1.0|39.0|64.0|64.0|14.0|-6.0|
5.0|45.0|70.0|70.0|20.0|0.0|
10.0|50.0|75.0|75.0|25.0|5.0|
17.0|57.0|82.0|82.0|32.0|12.0|
Mexicaltzing|694.0|
0.0|245.0|370.0|525.0|665.0|690.0|
-1.0|49.0|59.0|59.0|14.0|-6.0|
5.0|55.0|65.0|65.0|20.0|0.0|
10.0|60.0|70.0|70.0|25.0|5.0|
17.0|67.0|77.0|77.0|32.0|12.0|
Washington|1004.0|
0.0|180.0|670.0|715.0|920.0|980.0|1005.0|
-1.0|34.0|54.0|54.0|14.0|14.0|-6.0|
5.0|40.0|60.0|60.0|20.0|20.0|0.0|
10.0|45.0|65.0|65.0|25.0|25.0|5.0|
17.0|52.0|72.0|72.0|32.0|32.0|12.0|
StaFilomena|955.0|
0.0|270.0|460.0|730.0|935.0|952.0|
-1.0|49.0|64.0|64.0|14.0|-6.0|
5.0|55.0|70.0|70.0|20.0|0.0|
10.0|60.0|75.0|75.0|25.0|5.0|
17.0|67.0|82.0|82.0|32.0|12.0|
UdDeportivo|591.0|
0.0|190.0|305.0|400.0|575.0|590.0|
-1.0|44.0|54.0|54.0|14.0|-6.0|
5.0|50.0|60.0|60.0|20.0|0.0|
10.0|55.0|65.0|65.0|25.0|5.0|
17.0|62.0|72.0|72.0|32.0|12.0|
Urdaneta|702.0|
0.0|165.0|350.0|390.0|620.0|680.0|700.0|
-1.0|34.0|54.0|54.0|14.0|19.0|-6.0|
5.0|40.0|60.0|60.0|20.0|25.0|0.0|
10.0|45.0|65.0|65.0|25.0|30.0|5.0|
17.0|52.0|72.0|72.0|32.0|37.0|12.0|
18deMarzo|694.0|
0.0|195.0|415.0|460.0|675.0|692.0|
-1.0|44.0|64.0|64.0|14.0|-6.0|
5.0|50.0|70.0|70.0|20.0|0.0|
10.0|55.0|75.0|75.0|25.0|5.0|
17.0|62.0|82.0|82.0|32.0|12.0|
IslaRaza|806.0|
0.0|55.0|85.0|320.0|500.0|575.0|785.0|805.0|
-1.0|14.0|14.0|49.0|59.0|59.0|14.0|-6.0|
5.0|20.0|20.0|55.0|65.0|65.0|20.0|0.0|
10.0|25.0|25.0|60.0|70.0|70.0|25.0|5.0|
17.0|32.0|32.0|67.0|77.0|77.0|32.0|12.0|
PatriaSur|747.0|
0.0|270.0|490.0|520.0|720.0|745.0|
-1.0|49.0|59.0|59.0|14.0|-6.0|
5.0|55.0|65.0|65.0|20.0|0.0|
10.0|60.0|70.0|70.0|25.0|5.0|
17.0|67.0|77.0|77.0|32.0|12.0|
Espana|1072.0|
0.0|55.0|85.0|320.0|730.0|845.0|1050.0|1070.0|
-1.0|14.0|14.0|49.0|59.0|59.0|14.0|-6.0|
5.0|20.0|20.0|55.0|65.0|65.0|20.0|0.0|
10.0|25.0|25.0|60.0|70.0|70.0|25.0|5.0|
17.0|32.0|32.0|67.0|77.0|77.0|32.0|12.0|
Tesoro|898.0|
0.0|55.0|85.0|370.0|440.0|790.0|880.0|898.0|
-1.0|14.0|14.0|59.0|59.0|9.0|9.0|-6.0|
5.0|20.0|20.0|65.0|65.0|15.0|15.0|0.0|
10.0|25.0|25.0|70.0|70.0|20.0|20.0|5.0|
17.0|32.0|32.0|77.0|77.0|27.0|27.0|12.0|
